vm

12——

Nie 1000 101 00001001001001, 000010010οό 00 1110001010 10010, 0 00000 010
0001000 00010000. Ν101000 001101 000016 000100, 1010001000 00000 00010
010 0000000000001000. 10001000 00001 00010001, 010101 0 0001, ma 00010
010100 000100001010 0000001000000 0000000101 10 000. 81010 101000, 011
00 0001101010 0100000000, 01001000 01011000 00100000 100 moda}

Cena (101010 010110 praee, 0010000000, 1001000οο 0000000000, 000010 00-
110060 01000000 11000 0110100060, 010 001100000οο 00000100 006101, 01010010
010 1010, 10101001 0000 1001001110000101111100001101, 0000000001 010101
00 00011001 0010010 00000100000010001 01001000 0001001010. 0101000000 010 1001
1110 0010010001. 100001 ehoe 100 0000 1110010 1010 (101000001ηο 0000010 010001,
miano na 0000000100010010000 00010060, 00100 0010000101001000. Podano
00 0001001010 00 101 001001110101 0001010000 eene. 10101 0100000010 001010
0006 000000000010 010 00100010 0 74 0000001000000, 010οό0010 100000 1001, 011
00000010, 11000 0000110001 0100111101101000011, 100000 nii inne 0000001000.-
Το0100 11. 0100000001 0000001101 011000 1000000, 0 1110 0010110 1001000101 110001
1110011 0111001011, 10001010 330.1000100,101001010001 00000010, 011 11. 100100
0101000001 Ρο101101. -11000100100 500000100101100001101001000 2000 01000,
10001010 200. 000001, 001 0101000010 moja 1001000 do 9000. 010001000100010
0000001000οοἱο 116. 0011011010, 0100 000010110010000010 0001010 0001 1101010
0000110110οο.

Cena 10 (101010 000100000, 100111οἰ0 101 najmniejsza, 00 010 001100000
00010 00 0101 00100011. 10101100 010100011010 00. 101 00001, przedstawia
010 01010010 10000 0 0110000. Κο001000110000000000101001111001004000 010. 1
11001 21000 010. 1000010000ἰο 1 10000110 13000 010. 1010011001οο 000010.
1100000 011010 39000 010. 01110110. 11001060 00 0000011011 ’1101010 16000 010. - (
201010 010010 0 10011010 22000010. To jest 0000000100001000110. ’

(10101010 0001111 1101101011, 011001 1101010 (10000 000000000οω. W obeo 1
1100 0110, 0061010 0001100000 010 00010 do podtrzymania 0001110011, 0000 1
00 00111, 0001100 0 00001010 00000100 0100001000 1101000001 101010 1010010001, ¹
010 ma 001 0000000100011, do 0000000010 00010001 00000001 1010111. ,

Od 00610 10000 00100000 010 11110 0000001101οὲ0ᾰο praey‚ szczerego jej ‚
poparcia‚ 0000001001001100011, 1 0100000οο 000100001οηἰο 0100011 0010101 01110-
0010100. Ρο110010, 10 0101001010, 116001010 sq 106110010001011 (110 1000 01-
01110010 0001100010, 10 01010 0010.

1100101000 prof. Przyborowski, 1160000 (100010100ἱο 1101000010 0010000
tego 10100. W dopelnieniach 11001001 00000 1101011001όο 01010 0000100, umie⁴
0000001010 pod nazwiskami odpowiedniemi, ale 10 010 00100000110001000 (10010-
10000ἰο 0 0001000000, 0100 (1000100010 0 0010001001000000.

1000000 Ηο. 1100100 0001000110οο 000001100έοί 0000000000, 10 mam pono-
100000 000110 000000010οο 01010010,1100000001 0101101000 0001110001. Pan 10
1100111011 (100100) 00001101 0100001οὲ0 0 213 0001000 0000100000οι 0110010110
(36), wSeminaryum Ρ10011010166), 0 1100010000 00 0710010010 (3), 0 10101010
0 00010 (2), 0 1100010000 0 Κ1000010 (47), 0 1100010000 0 1100100100ου 0010100
(11) 10 Ρ.10001011101000000011000 0 (1010100100 000. 1000101101 (10). ostat-
01000 0101101010 000 010 0010100, 101010 00000000, 10 00101 (10100 010 mam 0111-
0001 01οἀ0010001.

W 00011010 1890 0.

-κςᾲξξῲμ-ὴ

 

